# Free format input #
#####################
Project Information
MN/M
#####
# 3 lines x 8 parameters
6.6 6.6 7.5 7.5 0.0 0.019 0.01 0
3.073 3.073 0.000 0.378 2.940 0.000 0.000 1.0
27.4 0.20 0.5 0.4 1 0 0 0
# 10 parameters
36 1 1 1 1 0 0 0 0 0
# multiple lines x 5 parameters
0.000 0.001 0.001 0.001 0.001
0.200 0.002 0.001 0.001 0
0.200 0.007 0.006 0.005 0
0.700 0.008 0.007 0.006 0
0.700 0.008 0.007 0.006 0
1.000 0.009 0.008 0.006 0
1.000 0.009 0.008 0.006 0
2.000 0.011 0.010 0.008 0
2.000 0.011 0.010 0.008 0
2.700 0.013 0.011 0.009 0
2.700 0.014 0.007 0.018 0
3.800 0.022 0.012 0.029 0
3.800 0.015 0.014 0.011 0
4.200 0.016 0.014 0.012 0
4.200 0.024 0.013 0.032 0
4.500 0.026 0.014 0.035 0
4.500 0.018 0.016 0.014 0
4.900 0.019 0.017 0.014 0
4.900 0.019 0.017 0.014 0
6.800 0.022 0.020 0.016 0
6.800 0.022 0.020 0.016 0
7.300 0.022 0.020 0.017 0
7.300 0.039 0.021 0.051 0
7.500 0.040 0.022 0.053 0
7.510 0.040 0.022 0.053 0
8.700 0.049 0.027 0.065 0
8.700 0.037 0.022 0.048 0
10.000 0.044 0.026 0.057 0
10.000 0.046 0.027 0.061 0
11.000 0.052 0.030 0.069 0
11.000 0.070 0.037 0.092 0
12.000 0.077 0.041 0.102 0
12.000 0.069 0.038 0.091 0
13.000 0.076 0.042 0.100 0
13.000 0.076 0.042 0.100 0
15.000 0.089 0.050 0.118 0
# 2 parameters
0 0