Project Information                                                                                 
MN/M                                                                                                
6.6 6.6 10.5 10.5 0.0 0.019 0.01 0                                                                  
3.028 3.028 0.000 1.456 9.248 0.000 0.000 1.0                                                       
30.4 0.20 0.5 0.4 1 0 0 0                                                                           
26 1 1 1 1 0 0 0 0 0                                                                                
0.000 0.007 0.007 0.007 0.001                                                                       
0.500 0.008 0.008 0.008 0                                                                           
0.500 0.008 0.008 0.008 0                                                                           
1.000 0.010 0.010 0.010 0                                                                           
1.000 0.010 0.010 0.010 0                                                                           
2.000 0.013 0.013 0.013 0                                                                           
2.000 0.013 0.013 0.013 0                                                                           
3.000 0.016 0.016 0.016 0                                                                           
3.000 0.016 0.016 0.016 0                                                                           
4.000 0.020 0.020 0.020 0                                                                           
4.000 0.020 0.020 0.020 0                                                                           
6.000 0.026 0.026 0.026 0                                                                           
6.000 0.026 0.026 0.026 0                                                                           
8.000 0.032 0.032 0.032 0                                                                           
8.000 0.032 0.032 0.032 0                                                                           
10.500 0.040 0.040 0.040 0                                                                          
10.510 0.040 0.040 0.040 0                                                                          
11.300 0.043 0.043 0.043 0                                                                          
11.300 0.006 0.006 0.006 0                                                                          
12.500 0.007 0.007 0.007 0                                                                          
12.500 0.044 0.044 0.044 0                                                                          
13.500 0.047 0.047 0.047 0                                                                          
13.500 0.047 0.047 0.047 0                                                                          
14.000 0.049 0.049 0.049 0                                                                          
14.000 0.049 0.049 0.049 0                                                                          
15.000 0.051 0.051 0.051 0                                                                          
0 0                                                                                                 
