Project Information
MN, m
      3.32      6.65       7.5       7.5       0.0     0.019      0.01
     1.536     1.536       0.0     0.000     0.000     0.000     0.000       1.0
      13.3      0.20       0.0       0.5         0         1
   36  1  1  1
     0.000     0.001     0.001     0.001
     0.200     0.002     0.001     0.001
     0.200     0.007     0.006     0.005
     0.700     0.008     0.007     0.006
     0.700     0.008     0.007     0.006
     1.000     0.009     0.008     0.006
     1.000     0.009     0.008     0.006
     2.000     0.011     0.010     0.008
     2.000     0.011     0.010     0.008
     2.700     0.013     0.011     0.009
     2.700     0.014     0.007     0.018
     3.800     0.022     0.012     0.029
     3.800     0.015     0.014     0.011
     4.200     0.016     0.014     0.012
     4.200     0.024     0.013     0.032
     4.500     0.026     0.014     0.035
     4.500     0.018     0.016     0.014
     4.900     0.019     0.017     0.014
     4.900     0.019     0.017     0.014
     6.800     0.022     0.020     0.016
     6.800     0.022     0.020     0.016
     7.300     0.022     0.020     0.017
     7.300     0.039     0.021     0.051
     7.500     0.040     0.022     0.053
     7.510     0.040     0.022     0.053
     8.700     0.049     0.027     0.065
     8.700     0.037     0.022     0.048
    10.000     0.044     0.026     0.057
    10.000     0.046     0.027     0.061
    11.000     0.052     0.030     0.069
    11.000     0.070     0.037     0.092
    12.000     0.077     0.041     0.102
    12.000     0.069     0.038     0.091
    13.000     0.076     0.042     0.100
    13.000     0.076     0.042     0.100
    15.000     0.089     0.050     0.118
