Project Information
MN, m
      3.32      6.65      10.5      10.5       0.0     0.019      0.01
     1.514     1.514       0.0     0.000     0.000     0.000     0.000       1.0
      13.3      0.20       0.0       0.5         0         1
   26  1  1  1
     0.000     0.007     0.007     0.007
     0.500     0.008     0.008     0.008
     0.500     0.008     0.008     0.008
     1.000     0.010     0.010     0.010
     1.000     0.010     0.010     0.010
     2.000     0.013     0.013     0.013
     2.000     0.013     0.013     0.013
     3.000     0.016     0.016     0.016
     3.000     0.016     0.016     0.016
     4.000     0.020     0.020     0.020
     4.000     0.020     0.020     0.020
     6.000     0.026     0.026     0.026
     6.000     0.026     0.026     0.026
     8.000     0.032     0.032     0.032
     8.000     0.032     0.032     0.032
    10.500     0.040     0.040     0.040
    10.510     0.040     0.040     0.040
    11.300     0.043     0.043     0.043
    11.300     0.006     0.006     0.006
    12.500     0.007     0.007     0.007
    12.500     0.044     0.044     0.044
    13.500     0.047     0.047     0.047
    13.500     0.047     0.047     0.047
    14.000     0.049     0.049     0.049
    14.000     0.049     0.049     0.049
    15.000     0.051     0.051     0.051
